50 97 4
42 33
42 43
33 31
33 43
33 36
31 36
36 48
43 41
43 44
43 45
43 36
36 45
36 48
41 39
41 40
41 44
44 40
44 37
44 38
44 45
45 38
45 48
45 47
48 47
47 28
47 38 
46 28
46 34
46 38
46 24
46 25
28 18
28 25
34 24
34 37
37 29
37 40
40 32 
40 39
32 30 
32 29
30 26
30 21
30 29
29 21
29 24
21 24
21 19
21 15
24 15
24 16
24 25
25 16
25 20
25 18
20 18
20 22
20 16
22 27
22 4
22 16
4 27 
4 8
4 12
4 16
8 12
16 12
16 15
16 10
12 10
10 35
10 15
15 35
15 17
15 19
19 26 
19 17
17 26
17 2
17 35
35 7
35 2
2 7
2 3
2 11
3 1 
7 1
11 5
11 6
11 14
11 3
14 9
6 5
6 13
6 9
5 13
9 23